0
0
0
0
0
0
0
0
0
0
0
0
0
0
0
0
0
0
0
0
0
0
509
0
0
0
0
0
0
0
528
0
0
0
0
0
0
0
0
0
0
0
0
0
0
0
0
0
0
0
515
500
0
0
0
0
0
0
0
0
0
0
0
0
0
0
0
0
0
0
0
0
0
487
0
0
0
0
0
0
0
517
510
0
0
510
0
509
0
530
0
0
0
0
0
0
0
0
0
0
0
0
0
0
0
0
0
0
518
531
0
0
0
0
0
0
0
498
521
0
0
0
0
0
0
0
0
0
0
0
0
0
0
0
0
0
0
0
0
0
0
0
0
0
0
0
0
0
0
510
532
0
0
0
0
482
0
0
0
0
0
510
0
0
0
0
0
0
0
0
0
0
0
0
0
0
520
0
0
0
0
0
0
502
0
0
0
512
0
0
0
0
0
0
0
0
0
0
0
0
0
0
0
0
0
0
0
0
0
0
0
0
0
0
526
0
0
0
0
0
0
0
0
0
0
0
0
503
0
0
0
0
0
0
0
0
0
547
0
0
0
0
0
0
0
0
0
0
0
514
0
0
0
0
0
0
0
0
0
0
0
0
0
0
0
512
0
0
0
532
0
0
0
0
0
0
0
0
0
0
0
0
0
0
0
0
0
525
0
0
0
518
0
0
0
0
0
529
0
0
0
0
0
0
0
0
0
0
0
542
0
0
0
0
0
512
0
0
562
0
0
0
0
498
0
0
0
0
0
0
0
0
0
0
0
0
0
0
0
0
0
0
0
0
534
0
0
0
0
0
520
0
0
0
510
0
0
0
0
511
0
0
507
525
0
0
0
0
529
0
0
0
542
0
0
0
0
0
0
0
515
0
0
0
0
0
0
0
0
501
0
0
0
0
0
0
0
0
0
0
0
0
0
0
0
0
0
0
0
0
0
0
0
0
0
0
0
0
0
0
0
0
0
0
0
0
0
0
0
0
0
0
0
0
0
0
0
0
0
0
0
0
0
0
0
0
0
0
0
0
0
519
0
0
0
0
502
0
0
531
0
0
0
0
0
0
0
0
0
0
0
0
0
0
0
0
0
0
0
517
0
0
0
0
